3-polynomial fit parameters:

Final set of parameters            Asymptotic Standard Error
=======================            ==========================
a               = -2.7747e-09      +/- 0.169        (6.092e+09%)
b               = 0.407142         +/- 0.5365       (131.8%)
c               = 0.814285         +/- 0.4047       (49.7%)
d               = 8.91195          +/- 0.3913       (4.391%)

5-polynomial fit parameters:

a               = 7.46879e-10      +/- 1.234e-06    (1.653e+05%)
b               = -1               +/- 6.3e-06      (0.00063%)
c               = -4               +/- 8.412e-06    (0.0002103%)
d               = -2               +/- 7.068e-06    (0.0003534%)
e               = 4                +/- 7.789e-06    (0.0001947%)
f               = 10               +/- 3.364e-06    (3.364e-05%)

So the 5th order coefficient is 7.46879*10^-10. It isn't exactly zero because...
